- OS: Windows-11-10.0.26200-SP0 10.0.26200
- Python: 3.12.6
- Stable-Baselines3: 2.4.1
- PyTorch: 2.5.1+cpu
- GPU Enabled: False
- Numpy: 1.26.4
- Cloudpickle: 3.1.1
- Gymnasium: 1.0.0
- OpenAI Gym: 0.26.2
